L = 300;
R = 1000;
C = 10e-6;
